{
    "calibration_date": "2023-02-11 12:29:16.023277",
    "camera_resolution": {
        "type_id": "opencv-matrix",
        "rows": 2,
        "cols": 1,
        "dt": "d",
        "data": [ 1200.0, 1600.0 ]
    },
    "camera_matrix": {
        "type_id": "opencv-matrix",
        "rows": 3,
        "cols": 3,
        "dt": "d",
        "data": [ 1.2032214314501107e+03, 0.0, 6.5274296269236891e+02,
            0.0, 1.1993173944541959e+03, 6.9001452892607017e+02, 0.0,
            0.0, 1.0 ]
    },
    "distortion_coefficients": {
        "type_id": "opencv-matrix",
        "rows": 1,
        "cols": 5,
        "dt": "d",
        "data": [ 1.0848648140129435e-01, 1.8771867569281455e+00,
            1.5133393589615156e-02, -7.6433136314886505e-02,
            -8.0758244217629951e+00 ]
    }
}
